1467599467,14299.29,15.79,0.12,9.66,14241.71,15.89,2.35,5.21,-7.23,nan,4990,4990,4995,4995,4995,4995,4995,4995,4995,5000,4994.50,2.69,
1467599472,14241.71,15.89,0.14,12.30,14184.40,15.99,3.97,4.33,43.18,59.74,665,670,670,675,670,670,1170,1175,1170,1180,871.50,246.81,
1467599482,14127.36,16.09,0.13,10.73,14070.59,16.20,1.92,3.88,-19.95,39.54,4990,4995,4995,4995,4995,4995,5000,4995,4995,4995,4995.00,2.24,
1467599491,14014.09,16.30,0.13,11.09,13957.85,16.40,3.73,4.00,34.30,44.19,625,625,625,625,625,625,635,625,1110,1120,724.00,195.54,
1467599500,13957.85,16.40,0.13,10.98,13901.87,16.50,3.65,3.94,31.60,41.91,1045,1045,1045,1045,1045,1045,1045,1045,1045,1045,1045.00,0.00,
1467599621,13250.00,17.72,0.11,8.21,13197.28,17.82,3.74,4.26,34.76,55.93,1065,1065,1070,1065,1070,1065,1065,1065,1065,1065,1066.00,2.00,
1467599624,13250.00,17.72,0.18,17.42,13197.28,17.82,3.80,4.28,36.83,57.03,1235,1235,1245,1240,1235,1230,1230,1235,1230,1225,1234.00,5.39,
1467599700,13144.80,17.93,0.11,8.76,13092.55,18.03,0.88,3.89,-59.65,40.02,2730,2730,2730,2730,2735,2720,2715,2720,2720,2710,2724.00,7.68,
1467600000,13144.80,17.93,0.10,7.37,13092.55,18.03,0.89,3.81,-59.10,37.16,2710,2715,2715,2720,2720,2715,2715,2720,2720,2725,2717.50,4.03,
1467602762,
1467602769,
1467602946,12988.76,18.23,0.11,9.11,12937.22,18.33,0.86,4.09,-60.40,48.15,4990,4995,4995,4995,4995,4995,5000,4995,4995,5000,4995.50,2.69,
1467602950,12988.76,18.23,0.14,12.79,12937.22,18.33,0.86,4.09,-60.61,48.01,4995,4990,4995,5000,4995,4995,5000,4995,4995,5000,4996.00,3.00,
1467602954,12988.76,18.23,0.16,14.59,12937.22,18.33,0.87,4.09,-60.25,48.03,5000,4995,5000,4995,4995,5000,5000,4990,4995,5000,4997.00,3.32,
1467602956,12937.22,18.33,0.21,22.59,12937.22,18.33,0.86,4.09,-60.53,48.04,4995,4995,5000,4995,4995,5000,5000,4995,5000,5000,4997.50,2.50,
1467602959,12988.76,18.23,0.20,20.77,12937.22,18.33,0.86,4.09,-60.38,48.14,4990,4990,4995,4995,4990,4995,5000,4995,4995,5000,4994.50,3.50,
1467602995,12937.22,18.33,0.12,9.56,12885.91,18.44,4.30,4.22,58.07,53.81,1070,1070,1070,1070,1075,1080,1075,1075,1080,1075,1074.00,3.74,
1467603000,12988.76,18.23,0.15,13.42,12937.22,18.33,3.60,4.09,29.97,48.20,1045,1045,1045,1050,1050,1050,1050,1055,1050,1045,1048.50,3.20,
1467603005,12988.76,18.23,0.14,11.92,12937.22,18.33,3.67,4.23,32.34,54.59,4995,4995,4995,4995,4995,4990,5000,4995,4995,4995,4995.00,2.24,
1467603045,12885.91,18.44,1.00,141.32,12937.22,18.33,3.77,4.22,35.78,53.82,1080,1075,1075,1075,1075,1080,1075,1075,1075,1085,1077.00,3.32,
1467603049,12885.91,18.44,1.00,141.32,12937.22,18.33,3.53,4.04,27.70,45.76,1080,1080,1080,1080,1080,1080,1085,1085,1090,1095,1083.50,5.02,
1467603300,12434.21,19.36,1.00,141.37,12533.04,19.15,1.10,3.01,-48.88,11.63,4990,4995,5000,4995,4995,4995,5005,4995,4995,5005,4997.00,4.58,
1467603600,12287.58,19.66,1.00,141.38,12336.24,19.56,1.10,3.00,-48.82,11.57,4990,4995,4995,4995,4995,4995,5000,4995,4990,5000,4995.00,3.16,
1467603900,12287.58,19.66,1.00,141.38,12385.12,19.46,1.10,3.00,-48.85,11.50,4995,4995,4995,4995,4995,5000,4995,4990,4995,4995,4995.00,2.24,
1467604200,12336.24,19.56,1.00,141.38,12385.12,19.46,1.10,3.00,-48.81,11.46,4995,4995,4995,4995,5000,5000,4995,4990,4995,5000,4996.00,3.00,
1467604500,12336.24,19.56,1.00,141.38,12385.12,19.46,1.10,3.00,-48.85,11.43,4990,4995,4995,4995,4995,4995,5000,4995,4995,5000,4995.50,2.69,
1467604800,12190.89,19.87,1.00,141.39,12239.13,19.76,1.10,2.93,-48.49,9.49,5000,4990,4995,4990,4990,5000,5000,4995,4995,4995,4995.00,3.87,
1467605100,13197.28,17.82,1.00,141.29,13197.28,17.82,0.89,4.26,-58.68,55.86,4995,4995,4990,4995,4995,4995,5000,4995,4995,4995,4995.00,2.24,
1467605400,13302.96,17.62,1.00,141.28,13356.16,17.52,0.89,4.26,-58.85,56.07,4995,4995,4995,4995,4995,5000,5000,4990,4995,4995,4995.50,2.69,
1467605700,12582.78,19.05,1.00,141.35,12632.74,18.95,5.21,4.12,nan,49.49,4995,4995,4995,4995,4995,4995,4995,5000,4990,5000,4995.50,2.69,
1467606000,11905.78,20.48,1.00,141.42,11952.79,20.38,5.21,4.15,nan,50.72,550,550,550,555,555,555,550,550,550,560,552.50,3.35,
1467606300,12000.00,20.28,1.00,141.41,12000.00,20.28,5.21,4.09,nan,47.88,4995,4990,4995,4995,4995,5000,5000,4995,4995,5000,4996.00,3.00,
1467606600,12239.13,19.76,1.00,141.39,12239.13,19.76,5.21,4.21,nan,53.58,4995,4995,4995,4995,4995,5000,5000,4995,4995,5000,4996.50,2.29,
1467606900,12385.12,19.46,1.00,141.37,12434.21,19.36,5.21,5.19,nan,nan,1715,1720,1715,1720,1720,1715,1725,4985,4990,4995,2700.00,1499.16,
1467607200,12582.78,19.05,1.00,141.35,12582.78,19.05,5.21,5.21,nan,nan,4995,4995,4995,4995,4995,5000,5000,4995,5000,5000,4997.00,2.45,
1467607500,12582.78,19.05,1.00,141.35,12632.74,18.95,5.21,5.21,nan,nan,800,800,800,805,800,800,805,800,800,800,801.00,2.00,
1467607800,12582.78,19.05,1.00,141.35,12582.78,19.05,3.53,5.21,27.76,nan,4995,4990,4990,4995,4995,5000,4995,4995,4995,4995,4994.50,2.69,
1467608100,12582.78,19.05,1.00,141.35,12533.04,19.15,3.44,5.21,24.79,nan,895,895,895,900,895,895,895,895,895,900,896.00,2.00,
1467609206,12988.76,18.23,1.00,141.31,12988.76,18.23,1.64,3.29,-28.73,19.93,4995,4995,4995,4995,4995,4995,5000,4995,4995,5000,4996.00,2.00,
1467609211,12988.76,18.23,1.00,141.31,12988.76,18.23,2.35,2.29,-7.17,-8.95,610,610,610,615,620,610,615,615,615,610,613.00,3.32,
1467738455,28171.65,-0.35,0.95,139.63,28171.65,-0.35,2.37,2.44,-6.60,-4.54,4995,4990,4995,4995,4995,5000,4995,4995,4995,5000,4995.50,2.69,
1467738468,28314.61,-0.47,0.95,139.52,28314.61,-0.47,2.40,2.45,-5.79,-4.35,4990,4990,4995,4995,4995,5000,4995,4995,4995,5000,4995.00,3.16,
1467738481,28458.65,-0.58,0.95,139.62,28458.65,-0.58,2.38,2.46,-6.48,-4.01,485,495,485,490,490,490,4990,4985,4995,4995,2290.00,2205.56,
1467738600,27749.08,-0.01,0.94,139.44,27749.08,-0.01,2.41,2.47,-5.42,-3.92,600,600,600,610,600,600,610,600,610,600,603.00,4.58,
1475079300,26931.41,0.66,0.86,133.62,26931.41,0.66,2.11,2.13,-14.15,-13.77,525,525,525,530,530,525,525,525,525,525,526.00,2.00,
1451530800,25520.83,1.89,0.82,130.09,25520.83,1.89,2.31,2.32,-8.36,-8.01,550,550,555,560,560,555,560,560,555,555,556.00,3.74,
1451531100,26666.66,0.89,0.80,127.29,26666.66,0.89,2.31,2.33,-8.33,-7.91,540,540,540,545,545,540,550,550,555,555,546.00,5.83,
1451531400,26276.59,1.22,0.79,126.82,26276.59,1.22,2.31,2.33,-8.30,-7.76,550,550,550,560,555,550,550,555,550,550,552.00,3.32,
1451531700,25644.60,1.77,0.80,127.45,25644.60,1.77,2.31,2.32,-8.36,-8.00,555,555,555,560,560,555,555,555,555,555,556.00,2.00,
1451532000,23762.38,3.53,0.80,127.90,23762.38,3.53,2.31,2.33,-8.37,-7.95,550,550,550,555,555,550,550,555,550,550,551.50,2.29,
1451532300,25154.64,2.22,0.80,127.83,25154.64,2.22,2.31,2.32,-8.45,-8.12,555,555,555,565,560,555,555,560,555,555,557.00,3.32,
1451532600,26148.41,1.33,0.80,127.67,26148.41,1.33,2.31,2.31,-8.43,-8.37,550,550,550,555,555,550,550,555,550,550,551.50,2.29,
1451532900,26276.59,1.22,0.80,127.66,26276.59,1.22,2.31,2.32,-8.46,-8.00,550,550,550,555,550,550,555,555,550,550,551.50,2.29,
1451533200,26931.41,0.66,0.80,127.52,26931.41,0.66,2.31,2.33,-8.44,-7.90,555,555,555,560,560,555,560,560,555,550,556.50,3.20,
1451533500,26021.13,1.44,0.80,127.67,26021.13,1.44,2.31,2.33,-8.45,-7.95,550,550,555,560,555,550,550,555,550,550,552.50,3.35,
1451533800,26276.59,1.22,0.81,128.48,26276.59,1.22,2.31,2.33,-8.53,-7.77,555,555,555,565,560,550,550,555,550,550,554.50,4.72,
1451596200,24560.81,2.76,0.75,121.53,25034.25,2.33,2.30,2.32,-8.75,-8.23,550,550,550,555,555,550,550,555,550,550,551.50,2.29,
